-80 -0.002166
-79 -0.003352
-78 -0.003308
-77 -0.004467
-76 -0.003077
-75 -0.003894
-74 -0.001223
-73 -0.001764
-72 -0.002215
-71 -0.002582
-70 -0.002624
-69 -0.001948
-68 -0.001879
-67 -0.000742
-66 0.000373
-65 -0.000779
-64 -0.003612
-63 -0.003754
-62 0.001259
-61 -0.003386
-60 -0.001613
-59 -0.003858
-58 0.000584
-57 0.006934
-56 0.012754
-55 0.012991
-54 0.017627
-53 0.020631
-52 0.023444
-51 0.023955
-50 0.021943
-49 0.023105
-48 0.022684
-47 0.025268
-46 0.023605
-45 0.026138
-44 0.027203
-43 0.030813
-42 0.033414
-41 0.033120
-40 0.031307
-39 0.028641
-38 0.027488
-37 0.024874
-36 0.023455
-35 0.023305
-34 0.022349
-33 0.023314
-32 0.024718
-31 0.022038
-30 0.022667
-29 0.023385
-28 0.023737
-27 0.023428
-26 0.022841
-25 0.018391
-24 0.019769
-23 0.020538
-22 0.021388
-21 0.022712
-20 0.023898
-19 0.022659
-18 0.022705
-17 0.023251
-16 0.019891
-15 0.023599
-14 0.024793
-13 0.026217
-12 0.028671
-11 0.030192
-10 0.031419
-9 0.032877
-8 0.031939
-7 0.033598
-6 0.034871
-5 0.037330
-4 0.041414
-3 0.046701
-2 0.051406
-1 0.060036
0 0.086394
1 0.088651
2 0.089221
3 0.090278
4 0.087123
5 0.084830
6 0.086817
7 0.086648
8 0.084375
9 0.083361
10 0.083314
11 0.083583
12 0.083420
13 0.084686
14 0.085738
15 0.086565
16 0.085414
17 0.084935
18 0.087506
19 0.086875
20 0.087245
21 0.085428
22 0.085456
23 0.084489
24 0.084177
25 0.085372
26 0.086995
27 0.086616
28 0.085215
29 0.082144
30 0.079439
31 0.076936
32 0.075243
33 0.075384
34 0.074177
35 0.074021
36 0.075633
37 0.077135
38 0.079626
39 0.080817
40 0.080749
41 0.083291
42 0.084673
43 0.086002
44 0.085935
45 0.085870
46 0.085258
47 0.085554
48 0.087180
49 0.085338
50 0.085194
51 0.088397
52 0.089119
53 0.092065
54 0.092553
55 0.090270
56 0.091439
57 0.093444
58 0.095895
59 0.096486
60 0.095925
61 0.098754
62 0.098859
63 0.095678
64 0.095592
65 0.091821
66 0.095500
67 0.094877
68 0.100938
69 0.106235
70 0.107633
71 0.108999
72 0.105188
73 0.100960
74 0.097945
75 0.095779
76 0.093494
77 0.093086
78 0.091378
79 0.089567
