-80 -0.001094
-79 -0.000636
-78 0.000736
-77 0.001437
-76 -0.000587
-75 0.000662
-74 0.001295
-73 0.000856
-72 0.001733
-71 0.000605
-70 -0.000023
-69 0.002761
-68 0.003944
-67 0.006925
-66 0.007070
-65 0.009106
-64 0.008034
-63 0.010481
-62 0.006586
-61 0.004831
-60 0.006826
-59 0.005233
-58 0.009329
-57 0.012363
-56 0.014616
-55 0.017106
-54 0.020698
-53 0.025383
-52 0.027409
-51 0.030292
-50 0.029037
-49 0.031165
-48 0.033689
-47 0.033451
-46 0.033189
-45 0.031939
-44 0.033463
-43 0.037418
-42 0.038976
-41 0.038397
-40 0.041248
-39 0.042348
-38 0.043161
-37 0.041798
-36 0.040918
-35 0.038890
-34 0.037054
-33 0.039229
-32 0.038917
-31 0.038850
-30 0.040389
-29 0.038063
-28 0.036258
-27 0.036783
-26 0.037506
-25 0.037941
-24 0.038113
-23 0.041091
-22 0.039371
-21 0.040366
-20 0.040014
-19 0.038371
-18 0.038014
-17 0.037344
-16 0.037713
-15 0.036560
-14 0.037274
-13 0.039693
-12 0.041258
-11 0.040950
-10 0.042228
-9 0.042294
-8 0.043968
-7 0.043918
-6 0.046141
-5 0.045927
-4 0.047626
-3 0.052111
-2 0.055463
-1 0.053145
0 0.057211
1 0.055907
2 0.054716
3 0.054129
4 0.051902
5 0.051990
6 0.052944
7 0.052582
8 0.050838
9 0.051191
10 0.052817
11 0.053189
12 0.054222
13 0.056051
14 0.058045
15 0.058176
16 0.058657
17 0.058189
18 0.056961
19 0.058304
20 0.057574
21 0.056545
22 0.055689
23 0.055519
24 0.055046
25 0.056689
26 0.057038
27 0.057451
28 0.057962
29 0.055453
30 0.053595
31 0.051353
32 0.049894
33 0.047764
34 0.048884
35 0.048159
36 0.049383
37 0.050456
38 0.050966
39 0.052411
40 0.055077
41 0.057190
42 0.057559
43 0.058104
44 0.060312
45 0.061271
46 0.064124
47 0.062973
48 0.061861
49 0.062311
50 0.061785
51 0.064913
52 0.062482
53 0.060105
54 0.060573
55 0.060436
56 0.063679
57 0.063924
58 0.065288
59 0.069023
60 0.068106
61 0.067983
62 0.067407
63 0.067961
64 0.068137
65 0.070120
66 0.071185
67 0.073798
68 0.077265
69 0.079828
70 0.079503
71 0.080693
72 0.079276
73 0.078533
74 0.078809
75 0.076843
76 0.076459
77 0.078338
78 0.078692
79 0.078710
