-80 -0.000803
-79 -0.001911
-78 -0.004631
-77 -0.005369
-76 -0.010315
-75 -0.011519
-74 -0.010292
-73 -0.012800
-72 -0.014595
-71 -0.017314
-70 -0.019014
-69 -0.017897
-68 -0.023256
-67 -0.025381
-66 -0.026479
-65 -0.025685
-64 -0.030293
-63 -0.039915
-62 -0.045485
-61 -0.050191
-60 -0.047475
-59 -0.050670
-58 -0.045722
-57 -0.040141
-56 -0.035937
-55 -0.032776
-54 -0.032164
-53 -0.032173
-52 -0.031705
-51 -0.032462
-50 -0.034313
-49 -0.032820
-48 -0.031884
-47 -0.032266
-46 -0.033630
-45 -0.034486
-44 -0.033104
-43 -0.030262
-42 -0.033383
-41 -0.031172
-40 -0.029849
-39 -0.029993
-38 -0.028627
-37 -0.031300
-36 -0.030532
-35 -0.027689
-34 -0.027291
-33 -0.022729
-32 -0.021479
-31 -0.021706
-30 -0.018344
-29 -0.018443
-28 -0.018179
-27 -0.016731
-26 -0.015826
-25 -0.011894
-24 -0.010452
-23 -0.003286
-22 -0.003055
-21 -0.004852
-20 -0.001559
-19 -0.003831
-18 -0.004134
-17 -0.005714
-16 -0.006876
-15 -0.004178
-14 -0.004047
-13 -0.002879
-12 -0.003430
-11 -0.002864
-10 -0.004364
-9 -0.006515
-8 -0.005153
-7 -0.003736
-6 -0.001506
-5 -0.000440
-4 0.001891
-3 0.007586
-2 0.010763
-1 0.000158
0 -0.002819
1 -0.003309
2 -0.005187
3 -0.002557
4 -0.003812
5 -0.004401
6 -0.003856
7 -0.007401
8 -0.012573
9 -0.013890
10 -0.013657
11 -0.012208
12 -0.012798
13 -0.013128
14 -0.011124
15 -0.011081
16 -0.011653
17 -0.012642
18 -0.010466
19 -0.011147
20 -0.010832
21 -0.010092
22 -0.009649
23 -0.005975
24 -0.007299
25 -0.004410
26 -0.005169
27 -0.006275
28 -0.003919
29 -0.006734
30 -0.009978
31 -0.013186
32 -0.014048
33 -0.016426
34 -0.017237
35 -0.017564
36 -0.019354
37 -0.016871
38 -0.016906
39 -0.016968
40 -0.016980
41 -0.014096
42 -0.014642
43 -0.015495
44 -0.016645
45 -0.018357
46 -0.016064
47 -0.013051
48 -0.013775
49 -0.017281
50 -0.017684
51 -0.014817
52 -0.020281
53 -0.020971
54 -0.019162
55 -0.022366
56 -0.020044
57 -0.017383
58 -0.017557
59 -0.018208
60 -0.016864
61 -0.012237
62 -0.013922
63 -0.015295
64 -0.020252
65 -0.019456
66 -0.017887
67 -0.019069
68 -0.015723
69 -0.011209
70 -0.017763
71 -0.019861
72 -0.022850
73 -0.026332
74 -0.025424
75 -0.027372
76 -0.031495
77 -0.031842
78 -0.030295
79 -0.030973
